(competitive_programming) anhv:main anhv$ cd "/Users/anhv/projects/datastructures-algorithms-competitive-programming/problems/aoc2022day24/src/main/" && g++ -I/Library/Developer/CommandLineTools/usr/include/c++/extensions/ -std=c++17 solution1.cpp -o solution1 && "/Users/anhv/projects/datastructures-algorithms-competitive-programming/problems/aoc2022day24/src/main/"solution1

Show grid
01 32 01 01 01 01 01 01 01 01 01 01 01 01 01 01 01 01 01 01 01 01 01 01 01 01 01 01 01 01 01 01 01 01 01 01 01 01 01 01 01 01 01 01 01 01 01 01 01 01 01 01 01 01 01 01 01 01 01 01 01 01 01 01 01 01 01 01 01 01 01 01 01 01 01 01 01 01 01 01 01 01 01 01 01 01 01 01 01 01 01 01 01 01 01 01 01 01 01 01 01 01 01 01 01 01 01 01 01 01 01 01 01 01 01 01 01 01 01 01 01 01 
01 08 04 16 04 08 04 04 08 02 16 08 02 02 04 02 04 08 04 02 02 16 04 08 04 02 16 02 02 04 02 08 08 02 08 16 04 16 04 02 08 16 02 08 08 08 00 04 08 16 04 16 02 04 16 08 02 08 04 00 00 00 16 16 16 16 00 04 16 16 16 02 08 00 04 04 04 04 04 16 00 02 00 02 08 02 00 16 08 04 08 02 08 08 02 08 16 00 08 02 00 02 08 16 08 02 02 00 02 16 02 16 02 08 08 08 08 08 00 08 08 01 
01 08 16 04 04 04 02 08 00 02 08 08 02 00 02 00 02 02 00 02 04 02 16 02 08 16 00 16 02 02 16 04 16 02 02 16 04 04 16 08 08 08 02 16 16 08 02 16 16 08 16 00 02 00 02 16 16 08 16 08 08 16 16 02 02 16 04 04 02 08 02 04 02 16 08 04 08 00 16 08 02 02 08 00 02 08 02 16 04 04 08 02 16 04 16 04 16 04 08 02 08 16 00 08 04 00 04 08 00 16 04 02 08 08 08 08 02 04 04 00 16 01 
01 08 02 00 00 04 04 16 16 08 08 02 02 02 16 08 02 04 16 08 16 00 16 04 04 04 16 08 08 16 04 16 08 16 16 16 04 02 08 16 16 08 16 04 08 02 08 08 16 16 16 02 04 02 16 00 04 02 08 02 04 16 16 08 02 02 02 04 08 08 00 16 08 02 08 00 02 08 04 16 00 02 08 00 00 16 04 04 04 16 16 08 04 02 08 02 08 02 16 02 16 08 16 16 16 02 02 02 04 08 08 04 02 04 16 02 00 04 02 04 08 01 
01 08 00 04 02 02 08 04 08 00 16 16 16 16 02 08 02 04 02 02 04 02 00 02 00 02 16 16 16 04 02 08 08 08 02 04 04 08 02 08 04 08 16 00 02 08 16 08 02 00 02 04 08 08 04 16 08 16 08 02 04 08 08 02 00 16 16 08 02 16 08 02 02 16 04 00 08 04 08 04 02 00 02 16 16 02 02 08 16 16 02 02 04 00 04 00 16 08 02 02 08 04 04 04 04 08 02 04 02 08 02 16 02 02 00 02 00 16 08 02 16 01 
01 08 16 08 04 16 02 00 04 08 02 04 08 02 02 16 02 02 02 16 16 04 02 08 02 00 00 02 02 00 16 08 16 04 16 04 02 08 08 02 00 08 02 04 00 00 00 02 02 16 16 16 08 04 08 04 08 04 16 02 04 04 04 16 08 02 08 04 08 02 08 04 00 04 08 00 04 02 16 08 08 02 08 00 08 16 04 08 16 02 04 00 08 16 16 00 16 08 04 08 04 16 08 16 08 02 02 16 02 02 04 02 02 16 16 08 08 16 08 00 08 01 
01 00 04 04 04 04 04 04 02 04 02 00 08 08 16 08 16 02 02 08 16 00 16 04 02 08 02 16 04 16 00 08 16 02 00 04 04 08 16 08 16 04 08 16 04 02 04 04 00 08 02 08 02 02 16 16 02 08 04 08 04 16 08 02 08 16 00 08 02 16 04 08 04 02 02 02 08 16 04 08 04 02 04 04 00 16 00 04 00 16 08 08 16 02 16 02 04 16 04 04 16 02 02 04 02 16 02 00 04 02 02 08 02 04 16 16 04 04 02 16 08 01 
01 08 08 04 08 08 02 16 04 08 02 04 16 16 16 02 16 08 04 00 04 08 00 08 16 04 00 16 08 02 16 02 02 08 08 00 16 02 08 04 04 02 16 02 02 16 16 16 04 08 08 16 04 08 02 08 02 08 04 08 04 00 04 04 08 16 08 08 08 08 04 16 02 04 16 02 02 16 04 02 02 04 02 08 00 16 02 04 04 02 02 04 08 02 04 08 02 16 08 16 16 08 02 04 08 16 04 02 08 02 16 08 02 02 16 04 00 08 04 02 08 01 
01 08 08 16 00 02 04 08 02 16 04 08 16 16 02 16 08 08 16 08 02 02 02 02 02 04 16 08 08 08 08 16 04 08 00 08 08 16 16 08 04 08 02 16 16 04 08 08 04 00 02 08 08 00 16 16 16 08 02 08 04 00 02 00 02 08 08 02 16 16 04 16 08 04 02 08 16 16 08 04 16 16 02 16 16 16 00 04 16 16 02 04 08 04 00 08 02 16 02 02 00 00 02 04 04 02 02 02 04 02 02 08 16 04 08 02 08 08 16 00 16 01 
01 16 08 00 02 00 04 16 08 02 02 00 16 16 16 16 16 08 00 16 00 02 02 04 08 08 16 02 16 08 04 08 08 02 00 08 16 08 16 00 02 08 02 16 08 08 00 16 16 02 16 16 02 08 04 00 04 04 04 08 04 04 08 02 16 04 04 08 08 16 16 16 08 04 16 16 08 04 16 04 08 00 08 02 04 02 08 02 04 16 08 02 08 00 08 04 04 00 16 16 04 04 08 02 00 02 08 16 08 02 08 16 04 04 08 00 04 08 16 02 16 01 
01 08 08 16 02 08 04 08 00 08 08 00 16 02 02 08 00 16 08 16 00 02 02 02 02 08 04 00 08 08 16 16 08 08 02 16 16 04 04 16 02 16 04 02 16 02 08 04 04 02 00 08 04 02 08 16 02 02 04 08 16 08 08 16 02 02 08 02 08 04 04 08 08 16 08 02 16 04 08 02 02 00 04 08 16 02 08 16 00 16 08 02 02 16 16 02 02 04 00 16 00 16 02 16 02 16 04 02 16 04 00 16 08 02 08 00 02 16 08 04 16 01 
01 16 00 16 16 02 02 16 16 08 08 16 04 02 04 04 02 16 04 08 08 00 04 04 16 16 16 08 02 08 02 16 16 16 08 08 04 04 04 08 04 02 02 08 16 02 08 02 04 16 00 08 04 08 04 08 16 02 08 04 16 08 16 02 00 02 04 00 16 16 02 04 04 04 04 16 00 02 00 16 08 02 04 04 04 02 02 08 04 16 02 04 00 04 16 02 08 16 02 00 04 04 00 04 04 02 04 02 08 02 16 16 00 04 16 08 08 00 04 08 16 01 
01 08 16 02 00 04 16 16 16 16 04 04 04 16 02 08 04 08 16 02 16 04 16 02 16 02 02 04 04 16 02 00 02 08 16 16 00 16 04 16 08 08 16 02 04 02 00 08 02 16 04 00 00 02 00 16 02 02 00 04 16 04 04 02 08 02 04 04 02 16 02 02 02 02 02 16 16 04 08 04 02 00 08 16 16 08 08 00 02 04 16 02 02 16 16 16 02 02 16 08 04 00 16 08 00 08 04 04 04 02 04 16 04 02 08 16 02 08 02 04 16 01 
01 08 04 08 02 04 00 16 16 00 04 08 04 04 02 04 02 00 08 02 08 08 02 02 04 00 04 00 16 08 02 02 04 02 02 08 16 02 04 16 00 08 00 08 08 04 08 02 02 04 16 16 08 08 04 04 02 04 02 04 08 02 04 02 02 00 04 04 04 16 02 02 04 08 16 02 04 16 02 04 02 02 08 16 02 00 04 02 00 08 16 04 16 02 02 16 00 04 08 04 00 02 00 16 02 16 02 16 16 02 08 02 08 04 02 16 16 08 02 08 08 01 
01 16 00 08 08 16 04 04 02 02 02 16 16 02 04 04 16 04 08 04 16 00 08 08 00 02 04 16 02 02 16 16 02 08 02 02 08 08 04 02 00 08 00 02 04 04 04 00 04 16 02 16 16 00 16 16 00 04 08 08 04 02 16 00 02 02 02 16 08 08 08 16 04 00 04 02 16 02 02 02 04 04 04 04 08 02 02 00 16 08 02 08 16 02 08 08 08 16 08 04 04 08 02 08 00 16 08 08 04 16 08 08 16 16 08 16 08 02 04 08 08 01 
01 08 08 08 08 00 00 04 02 16 02 04 16 02 04 16 04 00 08 08 04 08 16 16 02 00 02 02 16 16 16 04 04 02 04 00 02 02 04 16 16 08 08 08 08 00 08 08 16 04 16 04 02 16 16 08 16 00 16 16 08 16 04 16 08 02 04 08 02 08 04 04 02 04 16 04 16 04 04 16 16 02 16 04 16 02 00 08 02 16 16 04 08 08 04 16 08 08 02 16 04 02 04 08 16 02 08 16 04 04 16 16 02 08 02 02 04 02 02 16 00 01 
01 00 00 04 16 04 02 00 16 00 08 04 16 04 16 00 02 16 16 00 08 08 00 00 08 08 16 02 04 02 02 02 08 08 02 02 02 08 00 08 16 02 16 08 00 08 04 04 16 04 08 04 04 08 04 16 16 08 16 04 08 00 02 02 08 08 08 16 04 04 02 04 16 08 16 08 04 08 04 02 02 08 08 00 08 08 02 04 04 02 04 08 08 02 02 04 08 00 02 16 04 16 02 00 02 08 04 04 08 16 16 16 00 16 04 04 02 08 04 02 16 01 
01 08 00 16 02 02 08 00 08 16 04 08 08 00 16 00 02 08 08 16 08 02 02 02 04 08 08 02 16 16 08 08 00 16 00 02 02 04 04 08 16 02 02 04 02 00 00 04 08 16 16 00 04 08 16 04 16 04 04 08 04 04 04 08 02 04 16 16 16 16 08 16 08 16 04 04 00 02 02 08 08 16 02 16 04 00 02 00 04 04 08 08 04 02 08 16 00 04 16 16 04 04 16 02 16 02 04 04 04 16 02 04 16 04 16 16 08 02 16 16 08 01 
01 08 16 02 16 02 02 08 08 08 16 08 08 02 16 08 08 02 16 02 16 16 04 00 08 02 02 02 02 08 04 04 08 04 08 16 04 08 08 04 16 16 04 04 16 04 02 00 08 02 02 04 02 02 08 16 02 04 08 16 04 04 08 16 16 04 02 00 16 00 08 00 16 16 16 00 08 08 04 16 08 00 08 04 04 16 04 16 16 00 16 08 04 16 00 04 16 02 08 04 16 04 16 02 16 00 04 04 02 16 00 02 04 16 16 16 16 16 02 16 16 01 
01 08 00 08 08 04 16 16 08 08 04 16 00 02 16 02 04 04 00 02 04 16 02 08 04 08 02 02 04 16 16 16 04 00 16 16 16 04 16 04 02 08 04 02 08 02 16 00 16 04 04 08 08 08 16 02 00 04 00 02 04 02 00 04 16 00 08 02 08 08 02 04 04 04 08 08 16 08 16 04 16 08 08 08 08 16 02 04 04 16 08 02 04 08 16 00 00 16 02 00 16 08 04 04 00 08 08 08 04 00 16 04 08 16 16 16 02 02 16 08 16 01 
01 16 04 02 00 16 02 02 02 04 04 00 04 08 16 04 16 08 02 02 16 04 16 02 04 08 16 00 04 00 02 08 02 16 00 04 02 08 08 02 04 04 16 04 02 16 08 04 02 08 16 04 16 16 02 00 04 08 04 16 08 08 16 04 16 16 16 16 08 04 04 08 02 08 08 16 08 08 16 04 04 16 08 08 08 04 02 02 02 16 16 08 00 08 02 16 04 16 16 02 04 04 08 04 16 08 16 00 08 02 04 16 16 00 00 04 04 02 16 02 16 01 
01 00 08 04 04 16 08 08 08 04 04 04 02 08 16 04 00 16 02 16 02 04 16 08 02 08 16 02 04 04 00 02 04 00 04 08 08 08 04 04 08 02 02 02 04 08 04 04 02 00 08 02 02 02 08 16 02 00 02 04 08 04 16 00 08 16 16 08 08 16 08 04 02 04 02 00 04 04 08 16 04 02 04 02 02 02 02 16 08 08 04 04 16 08 08 16 02 02 08 02 04 02 04 00 04 02 08 08 08 04 02 08 08 08 04 08 02 16 02 04 16 01 
01 00 08 04 00 00 02 04 04 04 16 16 04 02 04 04 00 16 08 02 16 08 16 02 04 00 16 02 04 04 08 08 16 08 04 04 08 00 08 16 16 02 04 16 00 08 16 16 00 04 16 02 02 16 02 16 04 02 00 08 04 04 04 08 08 04 08 02 02 16 00 04 16 04 00 08 08 08 00 04 04 16 00 04 04 04 00 02 08 08 16 02 08 00 02 02 04 04 08 16 02 16 16 16 16 08 16 04 16 04 04 00 08 08 04 04 08 16 16 08 08 01 
01 08 04 08 04 04 16 16 04 00 08 02 16 04 04 04 16 02 16 08 04 16 08 00 02 16 16 02 04 16 02 02 16 02 00 16 04 16 04 08 04 04 04 04 02 08 08 08 04 16 00 16 02 04 08 02 00 08 02 04 04 04 04 16 02 04 00 00 08 08 08 08 16 04 08 08 08 16 04 08 02 04 04 16 04 02 02 04 02 16 00 08 04 02 08 16 08 16 04 08 08 16 04 08 16 16 02 16 16 08 08 16 04 16 02 02 02 02 08 16 16 01 
01 16 16 04 00 04 04 08 02 08 08 02 02 02 04 04 08 08 02 02 16 16 04 04 08 08 16 04 04 02 02 16 16 16 08 02 16 04 16 02 08 02 16 02 00 16 08 16 08 04 04 02 08 08 08 00 08 02 02 16 02 08 04 04 16 16 08 04 02 16 04 08 16 04 08 02 08 02 02 08 02 04 16 02 08 04 00 08 08 16 04 02 08 00 04 08 00 02 00 16 08 00 08 04 16 04 02 02 02 02 02 02 04 02 04 04 08 04 00 08 16 01 
01 08 16 08 08 04 08 00 08 04 16 04 04 04 08 02 16 00 04 02 16 16 02 02 00 02 02 08 02 00 00 08 04 02 02 08 16 00 04 02 02 04 00 04 08 02 02 08 16 04 02 02 02 08 02 04 16 02 00 08 02 08 02 08 00 04 16 00 08 00 02 04 16 04 16 16 16 02 02 08 16 04 16 00 16 16 04 04 04 08 08 04 02 08 04 00 02 02 16 16 02 00 02 08 02 16 08 08 08 04 04 04 02 04 02 02 02 00 00 04 16 01 
01 01 01 01 01 01 01 01 01 01 01 01 01 01 01 01 01 01 01 01 01 01 01 01 01 01 01 01 01 01 01 01 01 01 01 01 01 01 01 01 01 01 01 01 01 01 01 01 01 01 01 01 01 01 01 01 01 01 01 01 01 01 01 01 01 01 01 01 01 01 01 01 01 01 01 01 01 01 01 01 01 01 01 01 01 01 01 01 01 01 01 01 01 01 01 01 01 01 01 01 01 01 01 01 01 01 01 01 01 01 01 01 01 01 01 01 01 01 01 01 00 01 

Show grid
01 00 01 01 01 01 01 01 01 01 01 01 01 01 01 01 01 01 01 01 01 01 01 01 01 01 01 01 01 01 01 01 01 01 01 01 01 01 01 01 01 01 01 01 01 01 01 01 01 01 01 01 01 01 01 01 01 01 01 01 01 01 01 01 01 01 01 01 01 01 01 01 01 01 01 01 01 01 01 01 01 01 01 01 01 01 01 01 01 01 01 01 01 01 01 01 01 01 01 01 01 01 01 01 01 01 01 01 01 01 01 01 01 01 01 01 01 01 01 01 01 01 
01 16 16 16 16 04 02 16 16 22 00 04 06 12 02 00 02 02 20 02 00 02 00 02 00 08 16 00 02 10 00 08 04 10 10 16 08 00 04 08 00 04 18 12 00 08 02 00 16 04 16 00 02 00 10 12 08 08 08 00 08 08 24 02 02 04 08 00 02 24 02 04 10 04 00 00 00 00 08 00 18 06 00 00 10 16 06 04 04 00 00 06 08 08 20 08 16 00 00 02 16 08 00 00 08 08 08 00 16 12 20 06 00 20 00 00 10 00 08 04 00 01 
01 24 06 00 20 00 04 04 00 00 08 02 18 02 04 08 06 24 04 00 08 00 04 08 04 00 24 00 00 04 00 24 00 16 00 16 04 02 04 08 16 08 00 00 08 02 00 04 24 00 04 02 00 14 08 08 08 02 04 18 00 16 08 00 02 02 02 04 08 00 00 08 08 02 04 04 06 04 04 00 00 18 00 00 16 08 16 00 00 20 00 16 00 02 16 02 00 18 00 02 08 08 24 16 00 02 26 18 00 16 08 00 02 00 16 18 00 16 10 00 24 01 
01 16 00 04 14 06 00 00 00 08 24 00 00 08 02 08 02 00 26 02 04 02 00 10 16 02 00 00 16 16 02 04 08 00 02 08 04 28 02 16 00 16 24 16 02 00 00 00 02 00 10 08 00 16 00 00 00 00 00 02 00 08 08 02 00 00 20 20 02 00 08 14 02 16 00 04 08 16 00 16 10 16 02 00 00 18 02 00 28 12 18 02 16 28 16 04 00 04 18 26 00 16 08 00 04 08 06 24 26 16 06 00 02 18 00 02 00 04 04 10 16 01 
01 00 08 08 16 20 06 00 24 00 02 08 16 02 02 00 02 14 02 08 00 00 18 20 06 04 00 18 26 00 04 00 00 00 00 16 06 00 08 02 00 08 02 04 00 00 08 02 02 00 24 00 04 00 00 00 20 00 00 26 04 00 08 00 00 02 00 12 00 26 16 16 16 00 00 00 08 02 04 00 00 02 00 00 00 16 20 20 04 02 00 00 12 08 08 00 00 00 08 00 08 16 08 00 00 18 10 00 14 02 00 06 02 12 24 00 16 12 00 12 00 01 
01 00 16 04 00 08 00 12 02 08 02 08 00 00 00 08 00 22 02 00 12 08 00 08 18 08 02 16 08 04 00 00 16 26 00 20 04 00 08 00 28 00 16 08 00 10 16 00 00 00 02 04 18 18 04 00 26 08 00 08 04 24 08 02 24 00 00 00 02 00 08 00 00 10 22 02 00 04 16 20 00 02 00 00 08 00 00 00 00 16 00 16 12 18 04 02 00 00 08 08 00 06 14 04 06 00 02 04 16 18 18 00 02 08 00 08 00 24 02 00 00 01 
01 00 00 08 20 08 02 00 28 00 02 04 08 00 00 02 16 08 00 00 08 04 00 00 16 00 00 00 16 02 00 26 10 20 00 04 16 02 00 16 00 02 00 06 18 00 00 00 00 00 00 00 08 20 18 04 02 04 16 00 04 12 04 00 00 00 00 04 00 00 00 04 02 28 08 18 14 00 00 18 10 16 02 00 00 00 30 00 16 02 06 16 08 02 00 00 02 16 12 16 12 00 18 08 00 00 00 02 00 02 12 00 10 18 16 00 00 00 08 02 24 01 
01 00 04 04 20 14 04 12 10 12 24 00 00 16 02 00 16 00 00 00 02 02 02 06 26 00 00 00 04 00 00 00 00 08 00 04 28 00 16 24 00 04 10 00 20 08 04 04 00 24 02 00 08 16 00 00 00 00 14 00 04 08 10 08 02 08 24 02 00 00 12 16 20 16 02 16 00 00 12 00 04 00 14 20 08 00 16 04 00 24 02 00 00 00 08 24 06 00 06 14 00 16 02 04 16 18 18 02 04 02 26 08 00 04 08 02 12 04 08 00 08 01 
01 00 00 04 02 00 08 24 20 02 18 04 00 08 00 16 24 00 04 24 20 02 18 16 16 04 00 18 16 00 00 00 00 10 00 00 24 00 00 04 06 00 02 00 00 00 00 00 04 02 00 16 14 00 00 08 00 24 12 16 04 00 28 14 00 00 00 00 24 00 04 16 24 04 16 00 00 24 12 00 08 04 00 02 00 18 00 06 12 08 24 14 00 00 12 00 24 24 00 00 08 00 24 22 00 02 04 08 08 02 00 00 08 24 16 20 00 00 12 02 08 01 
01 00 00 24 02 00 04 00 24 24 20 00 00 26 18 00 00 24 00 00 00 10 02 10 02 04 00 08 16 00 00 08 04 08 02 08 00 16 16 00 06 00 00 10 00 06 16 08 04 10 16 08 00 02 00 08 02 18 08 16 20 00 00 08 02 02 16 02 00 08 04 16 16 20 16 18 00 00 24 06 02 00 00 00 00 26 08 20 00 00 08 06 10 12 00 18 10 16 08 00 00 00 26 04 06 08 24 18 04 16 16 00 00 06 08 00 02 00 00 00 08 01 
01 00 24 08 00 02 06 08 00 08 00 00 24 10 00 24 02 00 00 08 00 00 00 20 08 00 16 08 18 00 06 08 16 16 00 00 00 00 16 00 16 02 18 00 16 02 00 18 00 00 16 00 00 08 04 08 20 06 04 24 04 04 24 10 00 06 12 00 08 00 10 24 00 04 00 00 24 06 16 12 00 02 00 00 04 02 10 00 04 24 26 00 00 08 24 22 04 00 18 00 20 04 00 16 00 02 00 10 00 02 00 00 12 04 16 08 04 00 00 16 08 01 
01 16 08 02 00 00 04 16 16 00 00 00 00 00 18 00 00 00 16 02 00 08 00 02 00 02 06 00 24 00 02 00 02 16 00 00 16 12 04 00 00 00 04 02 00 02 00 04 06 24 16 00 04 18 00 00 10 10 04 16 24 00 16 18 00 02 16 16 02 04 30 10 02 02 02 00 16 04 00 00 10 08 04 16 16 16 00 00 10 00 24 18 18 00 00 08 10 06 00 00 08 00 00 16 08 00 04 08 16 06 00 00 08 02 08 16 10 00 02 28 00 01 
01 00 00 00 02 08 00 00 16 00 00 00 04 00 22 20 02 00 04 10 00 00 22 30 00 00 08 08 00 16 02 02 16 18 18 00 04 22 04 00 12 16 00 00 08 00 08 02 06 00 16 00 04 00 20 08 02 00 10 20 00 18 08 02 02 16 20 16 16 00 02 06 20 04 04 02 08 16 10 16 02 18 04 20 06 00 00 02 20 00 00 04 00 22 26 00 16 00 16 00 04 30 08 04 06 00 06 00 24 02 00 02 00 04 18 00 00 00 06 16 00 01 
01 08 00 00 00 04 00 00 18 02 06 04 04 18 08 00 20 00 00 00 00 04 16 08 00 02 00 04 06 18 08 16 02 00 18 02 00 00 04 10 00 00 16 02 20 00 16 16 00 00 06 08 00 08 16 16 00 00 08 04 08 14 12 00 10 02 22 20 00 00 00 00 08 00 00 02 00 06 02 14 00 08 08 00 00 02 02 16 00 04 10 00 00 02 00 16 08 00 16 00 04 00 10 00 08 08 04 12 04 16 20 00 04 08 08 00 00 02 00 04 00 01 
01 16 04 00 00 04 16 00 02 08 30 08 04 06 00 20 00 00 00 00 00 00 00 00 06 08 06 18 00 00 08 16 12 02 00 08 26 10 04 08 00 00 08 00 24 04 00 08 24 04 00 24 26 00 20 12 00 12 00 04 24 08 04 00 24 10 04 04 06 00 16 16 06 00 00 16 04 00 00 28 00 02 00 08 08 02 20 00 02 16 16 04 00 00 08 00 00 12 10 04 00 02 08 00 00 02 00 00 16 00 16 16 02 20 18 02 00 02 02 08 08 01 
01 08 16 00 00 08 06 04 08 00 08 00 00 16 04 20 02 04 16 20 00 16 00 16 00 00 04 02 24 18 02 02 00 08 26 02 02 08 28 00 00 02 00 16 12 04 20 08 04 16 16 00 00 00 08 00 00 04 16 00 04 00 10 10 08 08 00 00 16 00 02 16 04 00 20 00 00 00 00 10 14 20 28 04 00 00 02 16 16 18 00 00 00 02 02 00 00 00 18 20 04 00 10 08 10 08 00 24 12 16 00 00 16 16 00 16 10 16 20 02 16 01 
01 08 00 00 02 10 24 12 00 00 00 20 00 16 12 00 14 00 08 00 04 02 10 10 00 08 08 02 00 00 00 04 12 08 04 02 02 08 20 00 16 02 02 00 02 00 08 00 16 28 16 04 16 00 00 00 00 00 08 16 00 00 04 16 02 00 04 16 00 00 04 28 00 20 00 04 16 22 06 00 00 08 10 04 00 24 10 00 00 00 00 04 00 10 12 00 00 00 08 16 12 16 04 02 08 02 08 16 04 04 02 08 00 00 24 16 04 18 08 00 00 01 
01 00 00 06 08 22 18 16 16 00 16 12 16 14 00 00 00 02 00 02 24 08 16 00 00 02 02 02 06 00 00 08 08 00 16 08 00 16 16 00 00 16 00 16 00 00 06 04 16 06 02 20 06 18 20 00 02 24 16 04 00 08 24 00 00 00 02 08 20 12 00 04 08 24 00 00 04 00 28 08 00 08 00 00 00 00 08 28 20 00 04 08 24 00 00 04 00 02 00 16 12 00 00 02 00 00 04 04 18 24 00 02 00 16 12 20 00 00 06 00 08 01 
01 00 16 24 00 00 00 16 00 00 04 24 16 18 00 02 00 08 24 02 00 08 02 08 20 00 18 18 00 16 00 00 24 00 00 16 00 04 04 24 02 16 00 22 00 02 00 04 16 00 00 00 20 16 16 22 16 04 20 18 04 22 12 16 00 04 00 02 08 24 10 00 08 24 04 04 08 24 00 16 16 00 00 00 04 08 02 00 04 04 08 02 04 08 16 08 00 04 10 24 20 04 00 16 00 00 04 04 04 08 00 04 00 04 16 08 02 02 16 08 00 01 
01 00 00 18 00 00 02 10 02 08 08 00 00 00 00 24 08 16 10 18 00 00 12 10 24 08 00 00 16 00 06 12 02 20 08 00 22 00 00 22 00 00 12 04 02 04 08 08 10 16 00 04 16 24 18 00 00 20 00 16 12 04 08 00 08 28 16 00 00 08 24 00 02 16 00 00 00 00 04 00 16 00 00 04 12 00 14 02 18 16 16 00 04 16 18 20 00 16 00 06 00 04 08 00 00 24 04 20 00 02 00 00 12 24 08 00 00 02 00 02 00 01 
01 24 08 16 16 20 16 00 00 08 04 00 10 00 24 08 04 28 10 00 22 00 00 08 14 08 00 02 20 16 00 02 12 00 24 00 16 20 00 04 00 02 06 26 00 16 08 00 02 12 20 18 02 02 00 00 02 20 02 16 20 00 00 04 16 00 00 00 00 00 00 04 06 20 10 16 00 00 08 20 00 18 00 02 02 18 10 04 04 00 00 00 28 00 00 00 02 02 08 10 00 18 04 04 16 02 00 08 04 16 10 20 16 00 00 00 02 00 26 00 00 01 
01 24 04 00 16 24 02 00 24 12 04 08 04 02 00 04 00 00 16 10 00 04 00 02 04 00 16 02 04 08 08 16 00 00 24 12 00 00 00 08 04 06 00 04 00 00 00 12 08 08 00 06 10 08 10 00 28 02 04 16 00 00 00 12 16 00 00 10 10 12 04 00 00 16 08 00 16 00 16 04 04 16 00 00 08 20 08 02 00 00 00 02 00 00 02 02 12 08 08 00 06 12 00 04 00 00 08 00 00 00 04 08 00 00 16 12 04 00 00 00 00 01 
01 00 00 04 12 08 00 08 16 04 04 22 00 00 00 04 08 10 08 00 16 04 00 00 02 00 00 02 04 28 10 02 04 10 04 00 00 00 20 12 16 16 16 16 06 16 12 20 00 00 00 00 02 08 08 02 16 24 02 04 08 12 00 08 02 00 00 00 00 16 16 04 00 04 00 00 20 04 00 24 06 16 12 00 00 18 02 00 02 00 04 28 08 02 08 00 00 08 16 24 04 00 20 00 04 16 26 00 00 20 00 00 16 00 22 02 02 02 00 04 08 01 
01 00 16 04 00 00 00 04 06 12 08 26 14 02 04 12 24 08 02 02 08 00 16 00 04 00 00 00 20 06 02 00 08 00 20 14 16 08 00 02 24 10 04 18 24 00 16 16 00 04 24 10 16 00 00 00 04 02 18 24 06 04 12 00 08 20 16 00 02 00 00 28 00 04 00 18 00 18 02 04 30 00 00 14 20 20 00 00 16 00 00 18 00 00 16 00 20 06 00 00 08 00 00 00 00 00 10 14 26 06 22 02 00 02 04 12 00 00 08 00 00 01 
01 00 12 16 20 04 00 08 20 00 00 16 08 04 04 14 00 08 00 02 12 16 02 02 00 10 02 00 30 08 00 00 00 10 02 00 12 00 20 02 06 12 04 28 00 02 02 00 04 00 02 02 02 04 02 00 00 10 00 20 30 20 06 00 00 04 00 00 08 00 10 08 00 04 00 00 00 10 14 16 16 04 04 00 04 24 08 04 00 00 16 16 22 00 00 24 02 18 04 00 02 24 06 00 18 00 16 08 00 08 00 00 06 08 10 10 02 08 16 00 00 01 
01 00 08 04 08 20 04 00 00 10 00 16 02 18 20 22 00 00 00 18 10 16 04 20 16 02 00 06 06 00 10 08 00 02 08 00 00 20 16 02 00 00 02 00 24 00 00 08 08 12 04 00 02 00 00 00 02 00 00 16 00 16 12 04 08 08 00 12 00 24 04 02 00 04 00 24 00 00 00 16 16 06 00 02 00 06 00 00 08 00 04 02 08 00 06 16 08 00 00 02 00 02 00 04 00 14 02 16 10 00 02 00 06 00 12 20 00 04 00 00 08 01 
01 01 01 01 01 01 01 01 01 01 01 01 01 01 01 01 01 01 01 01 01 01 01 01 01 01 01 01 01 01 01 01 01 01 01 01 01 01 01 01 01 01 01 01 01 01 01 01 01 01 01 01 01 01 01 01 01 01 01 01 01 01 01 01 01 01 01 01 01 01 01 01 01 01 01 01 01 01 01 01 01 01 01 01 01 01 01 01 01 01 01 01 01 01 01 01 01 01 01 01 01 01 01 01 01 01 01 01 01 01 01 01 01 01 01 01 01 01 01 01 32 01 

Show grid
01 32 01 01 01 01 01 01 01 01 01 01 01 01 01 01 01 01 01 01 01 01 01 01 01 01 01 01 01 01 01 01 01 01 01 01 01 01 01 01 01 01 01 01 01 01 01 01 01 01 01 01 01 01 01 01 01 01 01 01 01 01 01 01 01 01 01 01 01 01 01 01 01 01 01 01 01 01 01 01 01 01 01 01 01 01 01 01 01 01 01 01 01 01 01 01 01 01 01 01 01 01 01 01 01 01 01 01 01 01 01 01 01 01 01 01 01 01 01 01 01 01 
01 08 04 08 24 00 26 00 00 12 22 00 04 08 00 14 00 00 16 00 16 04 00 16 12 08 08 08 12 02 08 26 26 16 16 04 08 18 16 24 04 06 08 06 02 00 00 04 24 00 00 04 00 00 10 00 22 00 04 00 00 00 08 12 00 24 00 00 00 04 04 08 18 00 08 10 10 00 16 14 22 00 02 00 00 04 10 00 08 02 02 00 16 02 00 00 06 00 00 16 04 04 02 12 00 00 00 02 00 02 20 00 02 02 00 28 04 00 00 10 00 01 
01 24 00 04 20 02 00 16 02 12 04 12 16 16 10 04 16 16 08 16 02 06 02 10 26 24 08 16 04 04 16 16 12 00 20 00 00 00 12 04 00 08 26 00 04 00 04 20 00 00 02 00 00 00 00 08 16 00 02 04 00 20 02 16 02 16 00 02 00 00 24 12 08 04 02 00 12 04 16 00 12 00 06 00 00 00 00 00 08 16 14 28 00 00 00 00 02 00 02 02 12 00 06 00 04 10 02 10 00 06 10 16 00 08 20 02 24 00 00 20 00 01 
01 00 24 20 18 08 00 12 20 22 02 16 12 00 04 04 00 16 16 16 08 10 02 16 04 00 00 02 04 04 16 24 08 02 04 04 00 00 00 00 26 08 06 00 00 00 08 00 16 06 08 00 02 00 16 00 04 00 24 24 04 04 04 10 00 04 00 16 00 24 00 20 24 20 00 08 00 08 08 04 04 00 00 22 04 06 00 02 00 08 00 02 00 00 08 00 20 20 00 08 08 00 00 26 00 10 00 20 08 22 04 16 00 08 04 20 00 00 16 02 16 01 
01 00 04 00 06 04 00 00 12 00 00 24 00 06 06 20 08 00 00 00 12 02 02 02 18 00 16 00 04 08 00 00 08 00 18 16 04 08 20 08 06 04 20 06 00 02 08 00 04 02 00 00 16 22 00 00 02 18 16 04 04 04 12 08 10 22 00 02 08 00 08 00 08 04 00 02 08 00 12 02 18 04 04 08 12 02 16 12 00 24 00 02 14 08 00 02 02 00 12 16 16 24 22 00 02 00 00 10 00 08 00 00 04 02 00 16 18 16 08 00 00 01 
01 16 00 28 00 06 06 00 08 00 08 00 00 10 04 12 02 00 16 16 16 00 04 04 00 00 08 28 06 08 02 08 24 00 08 00 00 04 00 00 08 02 02 08 00 02 00 18 00 04 04 00 00 00 24 00 00 18 00 00 00 00 28 22 00 18 00 04 08 08 22 00 24 04 00 00 16 02 00 00 00 06 16 24 00 14 18 08 00 00 06 16 00 00 20 10 00 08 02 08 00 08 00 04 16 14 00 02 16 18 08 08 04 08 04 12 00 04 08 16 00 01 
01 24 08 02 00 04 00 16 00 20 00 04 20 04 02 00 00 00 04 02 00 00 08 18 16 02 02 00 00 00 18 08 06 00 16 00 00 00 20 00 00 04 00 14 08 02 24 00 02 04 08 00 00 02 16 04 10 02 16 00 00 16 08 18 00 06 16 00 10 16 10 06 02 14 18 00 00 00 00 00 10 04 08 16 16 00 04 04 30 00 08 06 02 08 04 08 02 02 08 00 00 00 08 16 00 16 00 08 00 22 12 20 00 06 00 00 18 00 18 04 00 01 
01 00 04 08 06 16 12 04 00 08 00 16 08 00 22 24 22 00 04 10 16 00 14 02 04 00 00 00 08 04 02 10 08 10 18 08 12 02 04 00 24 00 00 16 00 00 16 06 10 00 04 00 08 04 24 00 02 00 06 08 00 02 00 02 10 08 16 04 16 24 02 02 00 00 20 06 04 04 06 16 10 10 00 16 10 00 08 02 08 04 08 00 00 02 02 08 16 08 08 08 08 18 16 16 02 16 02 00 00 02 00 02 00 16 10 00 16 00 02 16 00 01 
01 00 00 12 04 04 24 16 02 02 02 00 16 18 00 00 00 00 00 00 04 00 08 16 16 26 00 08 10 02 00 04 10 08 02 02 04 20 24 02 16 00 08 02 00 16 16 08 08 16 26 00 16 16 16 00 00 16 24 08 08 10 00 00 10 02 30 12 00 00 08 04 08 00 00 06 00 10 10 02 00 16 08 08 00 02 02 16 12 20 10 00 16 06 00 04 08 12 16 00 00 16 18 08 20 00 12 16 00 08 04 00 00 00 00 16 00 06 04 00 16 01 
01 08 00 08 00 28 04 16 02 00 02 00 16 10 00 00 16 28 00 24 16 08 00 04 06 12 02 02 08 00 04 00 00 26 00 00 06 02 16 24 16 00 00 20 16 00 00 16 08 00 00 00 06 00 00 08 12 00 16 00 12 00 08 08 00 02 08 20 26 00 00 00 10 00 00 08 24 00 04 00 16 02 00 00 08 02 04 20 06 16 24 00 04 08 00 00 16 00 10 08 00 18 16 24 16 18 00 08 20 00 00 12 02 12 02 18 00 30 02 04 00 01 
01 08 00 04 16 16 02 04 16 00 16 00 00 16 00 00 02 04 00 00 04 00 00 08 16 08 00 02 00 30 02 02 24 08 02 06 14 00 08 00 12 10 16 00 00 16 08 00 00 08 00 04 00 16 04 00 24 00 16 08 12 00 18 26 08 00 00 00 16 00 18 00 16 00 20 00 00 28 00 06 18 00 08 00 00 08 18 00 00 18 08 00 28 10 06 00 00 08 02 08 00 20 14 12 06 08 16 04 16 08 00 00 00 00 08 00 02 08 00 18 16 01 
01 16 16 00 06 02 00 08 04 00 00 04 00 16 00 00 02 00 16 08 00 06 02 02 00 16 08 10 00 16 08 16 00 04 00 06 02 16 16 00 08 10 02 04 18 00 00 00 16 00 08 08 00 04 00 04 00 04 24 00 12 04 04 16 02 08 24 04 00 00 08 04 00 04 08 00 04 10 02 16 16 00 10 16 08 00 14 00 00 24 20 00 24 18 00 00 16 16 04 00 20 00 00 02 00 02 16 00 00 00 06 08 00 16 16 16 00 02 08 00 16 01 
01 00 04 22 20 06 22 04 16 04 08 16 00 02 08 00 08 02 16 02 00 00 00 04 16 10 02 02 14 16 00 00 08 00 00 04 04 00 16 00 00 04 00 00 20 16 14 04 08 02 02 00 18 18 00 00 02 00 04 16 04 00 16 16 24 00 02 16 00 00 04 24 12 00 00 00 00 00 12 00 20 00 04 04 16 00 00 04 00 16 00 16 00 00 00 24 20 18 20 04 00 00 16 06 00 00 00 16 06 24 00 18 00 28 00 00 12 12 18 00 00 01 
01 00 00 04 00 16 00 00 20 08 00 04 00 02 00 02 00 00 04 18 20 08 02 08 00 04 02 02 08 00 08 08 08 00 08 00 00 00 16 04 06 00 08 18 00 02 16 00 04 08 00 08 28 00 00 02 00 00 04 18 12 18 04 04 16 00 08 02 00 00 06 00 24 04 24 08 16 24 04 00 00 04 00 08 24 16 02 04 04 00 00 14 00 00 04 00 16 16 02 00 00 00 00 04 08 00 04 00 00 00 00 00 00 08 00 04 02 18 04 00 08 01 
01 00 08 02 00 08 14 10 02 08 04 00 08 00 08 00 00 08 26 02 16 24 08 18 16 12 00 08 00 00 10 24 06 00 08 08 18 00 00 02 20 00 00 00 02 20 00 00 06 08 00 00 00 08 10 00 00 16 00 00 04 16 00 00 08 00 16 08 08 00 04 00 10 04 16 00 00 00 16 04 00 16 16 00 16 00 02 06 02 08 24 04 00 04 18 00 00 00 00 10 24 24 00 04 04 16 00 00 04 18 00 00 00 04 00 08 16 02 00 18 24 01 
01 00 00 08 08 00 04 08 24 16 00 00 02 00 08 00 00 24 02 16 02 00 16 20 10 16 00 18 16 00 20 02 24 08 08 08 00 00 00 00 00 02 02 18 00 16 00 00 18 24 08 18 10 18 04 00 06 04 22 16 04 04 00 00 16 04 04 00 16 00 00 00 10 28 10 08 16 12 08 20 16 02 00 02 06 02 10 00 20 00 00 08 00 00 00 12 06 02 24 02 12 22 00 00 16 02 00 00 00 00 02 16 20 04 00 00 06 16 26 16 00 01 
01 00 08 08 00 00 06 08 00 16 00 16 00 02 00 00 08 16 00 10 00 00 00 02 16 16 04 18 08 00 00 00 00 00 00 00 16 04 04 00 00 26 04 16 00 00 00 04 04 00 00 10 14 00 02 08 08 02 04 00 00 00 00 08 08 00 00 02 26 04 28 00 00 00 08 00 08 04 16 16 16 08 20 00 08 00 00 02 08 16 00 10 00 16 02 10 08 28 00 00 02 16 00 16 08 00 28 16 08 04 00 00 08 08 00 24 08 00 00 04 00 01 
01 08 24 00 00 08 00 00 00 16 00 02 04 00 04 04 00 02 20 16 00 00 04 20 02 16 00 10 00 00 02 10 08 02 00 16 20 28 20 08 20 00 24 08 02 00 00 00 12 08 16 08 22 00 04 02 08 08 02 04 00 08 08 00 18 00 04 16 16 00 08 20 04 20 04 00 00 00 16 08 02 16 04 20 28 02 02 16 22 00 08 04 16 06 08 00 00 00 16 00 04 12 00 28 04 00 06 00 16 00 08 08 00 04 02 02 02 18 20 00 00 01 
01 00 08 00 16 04 00 00 02 24 20 06 06 18 00 00 04 00 02 02 00 04 00 00 16 00 00 04 20 02 02 00 24 16 00 02 00 16 12 10 08 18 24 26 04 00 08 08 16 00 04 02 00 00 16 08 16 18 02 20 10 04 20 08 00 24 04 04 10 24 00 16 00 16 00 02 00 06 18 12 02 00 16 18 16 24 16 00 16 28 00 18 00 24 00 00 00 02 00 16 04 08 00 16 00 00 06 30 14 18 22 10 04 10 00 00 00 00 00 04 00 01 
01 08 04 16 24 20 00 16 00 00 04 00 12 04 00 22 08 24 08 02 00 00 02 26 04 02 06 00 02 00 08 00 12 18 10 08 00 00 04 10 10 00 00 00 00 22 02 16 00 20 02 02 02 00 30 04 08 06 16 04 02 00 06 16 00 00 20 04 04 16 02 00 12 00 00 08 04 02 02 20 00 00 24 24 24 00 04 16 00 16 00 04 02 00 00 16 18 14 00 12 26 00 02 16 02 08 08 00 08 00 16 00 10 12 10 10 02 00 16 16 16 01 
01 00 24 00 08 00 04 04 00 02 00 16 02 10 20 06 08 04 00 30 02 16 16 00 00 02 04 02 18 00 02 16 00 18 16 16 16 00 04 02 00 00 02 00 28 04 04 16 12 00 16 00 02 00 00 00 10 04 16 16 04 00 08 00 16 00 16 16 08 08 00 02 04 16 04 16 00 08 00 00 28 22 04 06 00 02 00 16 08 16 16 10 08 00 18 00 00 00 00 14 04 02 08 16 08 26 02 08 14 16 02 16 02 08 08 24 00 00 04 00 00 01 
01 00 00 00 08 08 02 04 00 10 00 04 02 00 06 00 06 10 08 10 04 02 08 10 24 00 08 00 02 02 00 20 04 10 22 16 00 08 28 08 00 00 02 00 08 00 02 00 16 04 00 04 02 00 10 00 24 00 00 00 00 16 04 02 18 00 12 08 10 00 06 12 02 04 00 04 08 04 04 00 02 10 00 04 02 08 18 00 00 16 00 14 00 00 20 08 00 00 08 10 04 08 04 16 00 00 16 00 20 12 00 18 00 00 00 16 06 00 00 08 08 01 
01 16 02 12 00 04 00 00 16 24 00 06 18 06 00 16 26 00 00 16 00 00 16 08 24 00 00 08 04 00 08 08 00 08 00 00 00 02 16 00 00 16 00 00 00 02 04 04 00 12 16 06 12 02 04 00 00 02 00 22 00 08 08 00 10 02 02 08 20 12 16 20 16 18 00 16 14 16 04 00 00 02 00 00 00 00 16 20 04 00 12 00 00 02 08 14 00 10 00 18 20 00 00 00 00 02 30 14 08 16 00 16 02 00 04 22 00 00 06 08 08 01 
01 16 08 00 18 10 16 08 00 00 12 08 00 00 10 00 02 00 18 02 24 10 00 02 04 02 00 00 00 08 02 00 24 00 10 00 00 04 06 00 00 24 00 04 02 00 16 04 02 00 10 00 20 08 00 04 00 04 20 02 04 04 04 02 16 04 16 00 02 00 24 02 02 16 20 04 24 24 08 00 18 00 18 00 04 10 02 00 28 20 02 02 04 00 00 16 16 04 02 10 12 28 08 00 00 24 14 28 06 00 26 04 02 06 16 18 00 00 16 02 00 01 
01 16 16 08 00 16 10 16 00 00 02 24 00 10 18 00 18 02 02 00 00 00 06 00 02 00 00 10 18 00 12 04 00 20 16 00 06 00 24 06 08 24 06 04 00 04 00 10 10 00 00 20 00 00 00 08 08 04 16 02 04 04 00 00 00 14 00 00 16 02 00 08 00 16 00 00 00 10 04 08 00 02 00 12 12 08 04 08 00 18 16 16 12 00 00 04 00 08 00 04 00 04 08 00 00 10 06 12 02 18 24 02 06 00 00 24 00 00 08 08 16 01 
01 08 00 00 08 20 00 00 02 00 06 00 00 00 08 00 04 30 10 08 04 00 00 00 06 16 02 00 04 00 00 00 12 02 08 24 00 12 00 12 00 16 04 16 16 26 00 00 00 20 06 16 02 18 16 00 02 04 08 00 04 00 08 06 00 00 08 16 18 00 00 04 04 06 18 10 00 00 08 04 00 02 00 00 08 00 00 04 04 16 08 16 12 02 08 02 00 00 00 24 00 02 06 04 02 16 02 00 04 18 26 04 02 00 00 00 00 00 02 00 08 01 
01 01 01 01 01 01 01 01 01 01 01 01 01 01 01 01 01 01 01 01 01 01 01 01 01 01 01 01 01 01 01 01 01 01 01 01 01 01 01 01 01 01 01 01 01 01 01 01 01 01 01 01 01 01 01 01 01 01 01 01 01 01 01 01 01 01 01 01 01 01 01 01 01 01 01 01 01 01 01 01 01 01 01 01 01 01 01 01 01 01 01 01 01 01 01 01 01 01 01 01 01 01 01 01 01 01 01 01 01 01 01 01 01 01 01 01 01 01 01 01 00 01 
c1 = 299
c2 = 270
c3 = 314
total = 883
(competitive_programming) anhv:main anhv$ 